0.00000 0.36036 0.29530 0.49049 0.55956 0.48549 0.49550 0.48248
0.36036 0.00000 0.50450 0.31431 0.58859 0.57558 0.29129 0.59960
0.29530 0.50450 0.00000 0.57457 0.46547 0.30731 0.59359 0.31932
0.49049 0.31431 0.57457 0.00000 0.64164 0.63764 0.45746 0.64665
0.55956 0.58859 0.46547 0.64164 0.00000 0.31131 0.65265 0.54755
0.48549 0.57558 0.30731 0.63764 0.31131 0.00000 0.64464 0.45746
0.49550 0.29129 0.59359 0.45746 0.65265 0.64464 0.00000 0.63964
0.48248 0.59960 0.31932 0.64665 0.54755 0.45746 0.63964 0.00000